# T(K) B(T) E_meV_per_spin M C_kB_per_spin S_abs_kB_per_spin dS_M_relB0_kB_per_spin dT_ad_relB0_K
# dS_M/dT_ad 列 = 相对 B=0 的磁熵变/绝热温变（麦克斯韦关系）
100.0000 0.0000 -2.21796348 0.033095 0.02018052 2.41200269 0.00000000 0.00000000
100.0000 2.0000 -2.20829557 0.033684 0.01882271 2.41256365 -0.00533112 26.87621017
100.0000 4.0000 -2.22659189 0.057627 0.02108200 2.41150205 -0.01315235 65.21932914
100.0000 6.0000 -2.27925766 0.112779 0.02134419 2.40844624 -0.00002701 0.12746046
96.5862 0.0000 -2.28551555 0.023959 0.01911794 2.40402506 0.00000000 0.00000000
96.5862 2.0000 -2.28463742 0.066675 0.02255903 2.40354799 -0.00301221 14.31332638
96.5862 4.0000 -2.30339280 0.060016 0.01905751 2.40243217 -0.00695478 31.68921280
96.5862 6.0000 -2.33040724 0.050131 0.02318534 2.40240569 -0.00084429 3.70442445
93.1724 0.0000 -2.33425483 0.032084 0.01910417 2.39806192 0.00000000 0.00000000
93.1724 2.0000 -2.34975441 0.043306 0.02114977 2.39558106 -0.00005834 0.25547777
93.1724 4.0000 -2.38553742 0.067059 0.02529335 2.39238196 -0.00009273 0.37123553
93.1724 6.0000 -2.42917837 0.068496 0.02390252 2.39032125 -0.00058413 2.27654139
89.7586 0.0000 -2.42810516 0.061406 0.02351745 2.38615069 0.00000000 0.00000000
89.7586 2.0000 -2.43672785 0.052371 0.02452036 2.38454263 0.00167694 -6.34120726
89.7586 4.0000 -2.45886344 0.074135 0.02716773 2.38307561 0.00336103 -11.83976191
89.7586 6.0000 -2.51628060 0.067282 0.02345209 2.37926647 -0.00029965 1.04310918
86.3448 0.0000 -2.50323928 0.011167 0.02589405 2.37624488 0.00000000 0.00000000
86.3448 2.0000 -2.52123760 0.010506 0.02767089 2.37340073 0.00043278 -1.41705138
86.3448 4.0000 -2.54498739 0.063164 0.02635283 2.37172089 0.00162269 -5.17030096
86.3448 6.0000 -2.60957801 0.091489 0.02948597 2.36696599 -0.00178619 5.43103097
82.9310 0.0000 -2.58812147 0.064382 0.02879177 2.36460214 0.00000000 0.00000000
82.9310 2.0000 -2.61439521 0.049631 0.02700495 2.36062290 -0.00148595 4.39302987
82.9310 4.0000 -2.65961578 0.081549 0.03005292 2.35599806 -0.00127092 3.67262428
82.9310 6.0000 -2.69878973 0.109463 0.03483008 2.35472939 -0.00292935 7.80335691
79.5172 0.0000 -2.69430461 0.034249 0.02906872 2.34942502 0.00000000 0.00000000
79.5172 2.0000 -2.70894699 0.024408 0.03018505 2.34710829 -0.00090049 2.36347737
79.5172 4.0000 -2.74805151 0.048454 0.03126324 2.34335763 -0.00169986 4.36083574
79.5172 6.0000 -2.82991262 0.102906 0.03218757 2.33598755 -0.00414927 9.98624812
76.1034 0.0000 -2.80934245 0.063086 0.03390526 2.33226019 0.00000000 0.00000000
76.1034 2.0000 -2.81962266 0.046019 0.03415979 2.33059433 0.00136704 -3.11190764
76.1034 4.0000 -2.86260113 0.077329 0.03385330 2.32626565 -0.00106435 2.36940153
76.1034 6.0000 -2.94324819 0.094017 0.03867611 2.31907671 -0.00769760 16.21723472
72.6897 0.0000 -2.91661917 0.043562 0.03619097 2.31551814 0.00000000 0.00000000
72.6897 2.0000 -2.93352883 0.027918 0.03587821 2.31281767 0.00089166 -1.77939212
72.6897 4.0000 -2.98216911 0.075627 0.04013609 2.30760538 -0.00472194 9.11980561
72.6897 6.0000 -3.08551156 0.137844 0.04033760 2.29687451 -0.01397746 25.15294551
69.2759 0.0000 -3.03956029 0.014419 0.04009632 2.29540766 0.00000000 0.00000000
69.2759 2.0000 -3.06782671 0.023035 0.03910062 2.29084947 -0.00404233 7.15190083
69.2759 4.0000 -3.12711068 0.110450 0.04194828 2.28389610 -0.01503311 25.33061526
69.2759 6.0000 -3.24596349 0.161596 0.04772329 2.27062807 -0.02480401 38.06651038
65.8621 0.0000 -3.20220736 0.033509 0.03898999 2.26745627 0.00000000 0.00000000
65.8621 2.0000 -3.21707769 0.080943 0.04379070 2.26520024 -0.00731285 11.21990844
65.8621 4.0000 -3.29282814 0.095695 0.04700574 2.25541706 -0.02176396 31.22921189
65.8621 6.0000 -3.41492486 0.148889 0.05429678 2.24159156 -0.03503559 45.06426817
62.4483 0.0000 -3.33363246 0.032248 0.04798687 2.24366699 0.00000000 0.00000000
62.4483 2.0000 -3.38568884 0.119430 0.05067239 2.23467991 -0.00512635 6.65665938
62.4483 4.0000 -3.48507643 0.159196 0.05388549 2.22061817 -0.01606527 19.22816718
62.4483 6.0000 -3.61838782 0.166508 0.06347803 2.20476269 -0.03375164 35.14451857
59.0345 0.0000 -3.51850401 0.024643 0.05252974 2.20831974 0.00000000 0.00000000
59.0345 2.0000 -3.55186894 0.090450 0.05210688 2.20290644 -0.00286095 3.14572037
59.0345 4.0000 -3.66381884 0.196483 0.06538878 2.18644280 -0.00898261 8.82006946
59.0345 6.0000 -3.84415041 0.249268 0.07836778 2.16159712 -0.02748734 22.00243005
55.6207 0.0000 -3.71851077 0.071047 0.05796748 2.16779752 0.00000000 0.00000000
55.6207 2.0000 -3.76136572 0.091353 0.06362193 2.16046150 -0.00562906 5.20548853
55.6207 4.0000 -3.91377062 0.151399 0.07780792 2.13580150 -0.01688873 13.08517390
55.6207 6.0000 -4.12894116 0.272345 0.10732328 2.10389729 -0.03846312 24.01141773
52.2069 0.0000 -3.91110447 0.045680 0.05580400 2.12630165 0.00000000 0.00000000
52.2069 2.0000 -3.99873529 0.082827 0.07755338 2.10931831 -0.01322003 9.57482694
52.2069 4.0000 -4.20740902 0.227162 0.09639806 2.07253474 -0.03931351 22.80617671
52.2069 6.0000 -4.45057336 0.305762 0.10235907 2.03459904 -0.07116213 36.62466364
48.7931 0.0000 -4.15171472 0.049991 0.07445059 2.07094800 0.00000000 0.00000000
48.7931 2.0000 -4.27646494 0.190175 0.11390442 2.04542514 -0.02195459 12.18001818
48.7931 4.0000 -4.54413791 0.258022 0.11672091 1.99506848 -0.06269155 27.16171689
48.7931 6.0000 -4.85019003 0.391951 0.11214233 1.94266512 -0.10478326 43.38308450
45.3793 0.0000 -4.43083676 0.093092 0.06473289 2.00206713 0.00000000 0.00000000
45.3793 2.0000 -4.63839943 0.215269 0.12879976 1.95610808 -0.02840211 12.75626235
45.3793 4.0000 -4.93219069 0.397833 0.13694713 1.89930603 -0.07809388 27.21663862
45.3793 6.0000 -5.30398847 0.470637 0.14936996 1.83067816 -0.12317800 41.71775337
41.9655 0.0000 -4.74258601 0.082571 0.09153648 1.91910321 0.00000000 0.00000000
41.9655 2.0000 -5.02743586 0.351377 0.14134783 1.85257619 -0.03711636 13.08856756
41.9655 4.0000 -5.43299566 0.445837 0.13820361 1.76602987 -0.09027921 26.47520737
41.9655 6.0000 -5.78258547 0.537042 0.13221344 1.70331207 -0.13367774 40.01002393
38.5517 0.0000 -5.11103579 0.053166 0.12735280 1.81270657 0.00000000 0.00000000
38.5517 2.0000 -5.54154882 0.474813 0.16538743 1.70411663 -0.05696257 15.58207459
38.5517 4.0000 -5.94266362 0.528864 0.15456635 1.61885389 -0.10929027 28.05624341
38.5517 6.0000 -6.24331795 0.600773 0.13997247 1.57026710 -0.14974925 40.84614081
35.1379 0.0000 -5.58129103 0.178796 0.16927309 1.66427807 0.00000000 0.00000000
35.1379 2.0000 -6.10293102 0.519492 0.13981430 1.52692538 -0.07774517 16.74965690
35.1379 4.0000 -6.40631734 0.631815 0.14212159 1.47250905 -0.12545151 30.89977820
35.1379 6.0000 -6.70111736 0.665591 0.12908378 1.42577009 -0.16062286 41.88673141
31.7241 0.0000 -6.13039750 0.591311 0.26043853 1.47317509 0.00000000 0.00000000
31.7241 2.0000 -6.56704117 0.661259 0.13341564 1.36540327 -0.07493413 14.22093094
31.7241 4.0000 -6.86301970 0.690994 0.12402432 1.31356504 -0.11445166 28.31464162
31.7241 6.0000 -7.12196506 0.687268 0.11697227 1.27930441 -0.14375412 37.25300561
28.3103 0.0000 -6.71446753 0.644262 0.12729022 1.24664399 0.00000000 0.00000000
28.3103 2.0000 -6.98601383 0.720035 0.11322217 1.20290506 -0.05182112 10.61455119
28.3103 4.0000 -7.25092470 0.717442 0.11582856 1.16311640 -0.08274223 19.80756089
28.3103 6.0000 -7.50246509 0.740516 0.11032490 1.13172778 -0.10877745 26.78026181
24.8966 0.0000 -7.12060669 0.717600 0.11594738 1.06875235 0.00000000 0.00000000
24.8966 2.0000 -7.37225066 0.739399 0.11488137 1.03373077 -0.03417167 7.56992557
24.8966 4.0000 -7.63423959 0.781280 0.11566487 0.99522194 -0.05992007 13.46053421
24.8966 6.0000 -7.87064296 0.785915 0.11097102 0.97046343 -0.08371002 18.70221803
21.4828 0.0000 -7.49025998 0.776026 0.10296909 0.88276358 0.00000000 0.00000000
21.4828 2.0000 -7.73394956 0.797706 0.09395222 0.85174420 -0.02810343 5.92017031
21.4828 4.0000 -7.97895215 0.817602 0.10252797 0.82178194 -0.05128958 10.85969258
21.4828 6.0000 -8.21634705 0.813328 0.10953074 0.79652455 -0.07244564 14.80458451
18.0690 0.0000 -7.83979034 0.824262 0.09687555 0.67611896 0.00000000 0.00000000
18.0690 2.0000 -8.07974930 0.840807 0.09429344 0.64730514 -0.02462835 4.60538765
18.0690 4.0000 -8.31987268 0.842598 0.09389263 0.62022751 -0.04578629 8.68054324
18.0690 6.0000 -8.55412337 0.852404 0.09635420 0.59682900 -0.06518454 12.17797325
14.6552 0.0000 -8.16816282 0.861382 0.09964903 0.44066399 0.00000000 0.00000000
14.6552 2.0000 -8.41042452 0.872693 0.09411464 0.41019902 -0.02140170 3.26191733
14.6552 4.0000 -8.64341706 0.877637 0.09548388 0.38823446 -0.04094652 6.32984032
14.6552 6.0000 -8.87873284 0.886798 0.08569989 0.36407224 -0.05937948 9.40978806
11.2414 0.0000 -8.49583451 0.896308 0.09298646 0.14180423 0.00000000 0.00000000
11.2414 2.0000 -8.72964080 0.906857 0.09754708 0.11905120 -0.01945466 2.30140328
11.2414 4.0000 -8.96224683 0.913238 0.09348175 0.09743916 -0.03759519 4.49074005
11.2414 6.0000 -9.19746246 0.911198 0.09374335 0.07336828 -0.05494599 6.60619874
7.8276 0.0000 -8.80938551 0.932499 0.09805534 -0.25245782 0.00000000 0.00000000
7.8276 2.0000 -9.04174557 0.935858 0.08733622 -0.27339235 -0.01822059 1.54576765
7.8276 4.0000 -9.27363923 0.940169 0.09388453 -0.29410865 -0.03504981 3.02454094
7.8276 6.0000 -9.50686671 0.940391 0.09846836 -0.31567960 -0.05131210 4.30933535
4.4138 0.0000 -9.11533799 0.962955 0.09050889 -0.88144476 0.00000000 0.00000000
4.4138 2.0000 -9.34637300 0.963019 0.08630987 -0.89965519 -0.01738295 0.86131241
4.4138 4.0000 -9.57851288 0.966441 0.08589804 -0.92087769 -0.03350515 1.69466349
4.4138 6.0000 -9.80995340 0.968710 0.08780784 -0.93877495 -0.04894190 2.41573994
1.0000 0.0000 -9.41344924 0.992032 0.08827438 -3.00305285 0.00000000 0.00000000
1.0000 2.0000 -9.64502419 0.991924 0.08532759 -3.02510600 -0.01703396 0.19533671
1.0000 4.0000 -9.87664534 0.992377 0.08715571 -3.04263669 -0.03304397 0.38330861
1.0000 6.0000 -10.10828929 0.992762 0.08845272 -3.06198178 -0.04795359 0.54762545
